	ViP	sViP	IFIH1	anti_MDA5ILD_PBMC_36309526	Anti_Muscle_IFN_31434690	IPF52_28942086	IPF11Yang_22761659	HP_34183448	
GSM4753021	-122.058312	-122.058312	0.584636	6.770713	5.009562	-1.058695	-2.818722	-23.218826
GSM4753022	-184.882717	-184.882717	-0.032203	-1.461895	-2.066688	-0.492479	2.197901	-25.092539
GSM4753023	-140.206871	-140.206871	0.554915	6.197901	6.273272	-0.288259	-2.938813	-29.098230
GSM4753024	-178.683401	-178.683401	-0.036724	-1.886390	-2.482997	-2.776961	-1.181743	-21.225693
GSM4753025	-158.840083	-158.840083	0.381778	1.824460	2.078156	0.321992	-4.179346	-27.403659
GSM4753026	-196.745500	-196.745500	-0.159189	-3.141127	-3.530741	-2.316281	0.991453	-24.545807
GSM4753027	-177.873664	-177.873664	0.064094	-0.874732	-2.557911	-3.086369	-0.271044	-22.577131
GSM4753028	-211.860893	-211.860893	-0.253358	-4.806524	-5.564336	1.851888	0.803787	-26.205583
GSM4753029	-190.690487	-190.690487	-0.176930	-1.140613	-2.873761	1.647845	-0.453690	-25.215245
GSM4753030	-199.197497	-199.197497	-0.072455	0.436216	-0.877832	0.668383	2.765121	-27.000309
GSM4753031	-175.180133	-175.180133	0.123517	-1.836255	-3.110824	-4.256073	-1.659903	-17.584038
GSM4753032	-187.871301	-187.871301	-0.174937	-3.448801	-4.332904	2.694904	1.191953	-24.031606
GSM4753033	-160.433772	-160.433772	0.333214	2.122081	1.162486	-2.563893	-2.350103	-22.113615
GSM4753034	-175.914353	-175.914353	0.157589	0.068520	0.564836	1.599642	-2.007586	-24.704653
GSM4753035	-208.270956	-208.270956	-0.383863	-6.197774	-6.678494	1.159389	-1.133137	-28.104790
GSM4753036	-175.979846	-175.979846	-0.035698	-1.902657	-3.381365	-1.901842	1.317183	-20.672765
GSM4753037	-178.724189	-178.724189	-0.000558	-1.692773	-2.326779	-1.630735	1.394189	-21.897454
GSM4753038	-190.582333	-190.582333	-0.056834	-1.025149	-2.484738	-0.986171	0.331261	-26.154036
GSM4753039	-178.992811	-178.992811	0.061468	-1.654419	-2.384252	-0.134217	-1.738866	-17.832475
GSM4753040	-192.653777	-192.653777	-0.061540	-2.146175	-1.701472	0.823167	-0.217632	-26.745540
GSM4753041	-198.757455	-198.757455	-0.129927	-2.468893	-2.591706	1.563046	-3.271433	-27.689075
GSM4753042	-231.507676	-231.507676	-0.454121	-7.108531	-6.372991	2.261125	-0.557094	-28.098514
GSM4753043	-205.872240	-205.872240	-0.211512	-4.779601	-4.683265	1.428933	-0.277531	-28.948146
GSM4753044	-205.354120	-205.354120	-0.253636	-4.047271	-4.096529	1.571936	-1.179226	-27.326240
GSM4753045	-194.272619	-194.272619	-0.099619	-2.313087	-3.480002	-1.537888	3.180548	-23.904167
GSM4753046	-182.878907	-182.878907	-0.020389	-2.462815	-1.938712	0.608816	-2.473589	-24.927344
GSM4753047	-187.691456	-187.691456	0.044463	-1.064485	-1.030436	1.651307	1.099186	-25.771691
GSM4753048	-184.829454	-184.829454	0.002724	-1.045015	-1.077982	0.985051	-2.040120	-28.000490
GSM4753049	-218.175944	-218.175944	-0.481931	-5.039989	-5.183093	0.897438	-3.596813	-30.611744
GSM4753050	-223.022393	-223.022393	-0.517659	-6.017452	-7.804875	0.263929	-2.368546	-25.643233
GSM4753051	-169.706099	-169.706099	0.304840	3.465133	2.986645	0.828817	-0.970819	-27.491333
GSM4753052	-227.173964	-227.173964	-0.442729	-5.575646	-8.058281	0.238373	0.207931	-26.773218
GSM4753053	-171.645391	-171.645391	0.175465	1.704334	0.636376	-0.683058	0.410912	-26.538466
GSM4753054	-208.227961	-208.227961	-0.044445	-2.338811	-3.419047	-2.305459	-1.991986	-23.527570
GSM4753055	-182.783405	-182.783405	0.088277	0.082723	-0.917694	0.179586	0.434974	-23.857189
GSM4753056	-189.260664	-189.260664	0.098571	-0.807267	-1.061579	0.418235	0.015198	-27.409658
GSM4753057	-185.745594	-185.745594	0.048938	-0.907144	-0.982197	-0.685911	-2.937972	-24.926460
GSM4753058	-190.992149	-190.992149	0.039577	0.795825	0.971465	1.094789	-3.490849	-29.049443
GSM4753059	-232.740820	-232.740820	-0.456649	-4.438257	-4.340872	0.348678	-0.298592	-29.577777
GSM4753060	-170.964483	-170.964483	0.062127	1.572138	0.621034	1.733967	-1.355647	-25.317183
GSM4753061	-233.120560	-233.120560	-0.501635	-5.952058	-5.442497	1.545521	-3.631887	-33.003643
GSM4753062	-190.594632	-190.594632	0.065942	-1.839493	-1.778792	-0.863875	0.805910	-25.648760
GSM4753063	-236.632809	-236.632809	-0.427025	-7.307332	-6.486936	1.747595	-1.262443	-31.068277
GSM4753064	-187.865997	-187.865997	0.044578	-2.870336	-3.086590	1.444794	-1.705551	-23.954016
GSM4753065	-208.512807	-208.512807	-0.061066	-4.505836	-3.682889	-0.141996	-4.592066	-28.203282
GSM4753066	-219.056808	-219.056808	-0.291633	-7.734032	-7.178944	-1.673580	-3.733245	-28.346424
GSM4753067	-195.540521	-195.540521	-0.056990	-4.316154	-4.354488	0.991259	-3.025758	-25.885815
GSM4753068	-237.859541	-237.859541	-0.369047	-3.007707	-4.248914	0.761915	0.804882	-33.295070
GSM4753069	-213.992462	-213.992462	-0.266412	-2.455554	-2.355915	-1.918356	-0.178693	-32.645560
GSM4753070	-300.666071	-300.666071	-0.769122	-9.765547	-11.562364	-0.972562	-0.253072	-35.495497
GSM4753071	-186.573233	-186.573233	-0.039229	-1.584046	-1.953888	-0.690628	0.955189	-24.982440
GSM4753072	-151.413707	-151.413707	0.591085	5.087903	5.367035	0.818927	-4.743776	-29.382403
GSM4753073	-160.262145	-160.262145	0.446264	3.078463	2.048831	-1.892726	0.830853	-21.594565
GSM4753074	-181.197998	-181.197998	0.039108	2.044606	2.174730	0.844137	-0.519792	-27.739184
GSM4753075	-155.356506	-155.356506	0.490134	5.265073	3.146466	-1.169856	-0.776208	-27.941737
GSM4753076	-183.081765	-183.081765	0.012764	-1.542762	-3.433797	-3.547160	1.100033	-19.786870
GSM4753077	-240.122226	-240.122226	-0.535759	-2.882271	-4.264696	-3.386211	-1.189751	-31.871173
GSM4753078	-179.563096	-179.563096	0.253379	0.644590	0.190829	-3.575875	-2.358176	-23.582586
GSM4753079	-209.551666	-209.551666	-0.221752	-3.338632	-3.964936	-3.834789	0.432425	-25.116702
GSM4753080	-162.697979	-162.697979	0.243709	1.265896	0.484145	-1.859680	-1.378503	-20.226706
GSM4753081	-166.924690	-166.924690	0.228632	2.962258	2.447820	0.337299	0.473239	-27.802438
GSM4753082	-153.416163	-153.416163	0.426714	4.377823	3.277208	0.082459	-1.125830	-23.994242
GSM4753083	-202.203235	-202.203235	0.007008	-3.694555	-3.501609	0.219934	-1.778566	-29.714563
GSM4753084	-155.670059	-155.670059	0.420762	4.333611	2.933374	0.070469	-2.008790	-24.765039
GSM4753085	-148.300036	-148.300036	0.366202	6.360798	4.534227	-2.317700	-1.382058	-27.903722
GSM4753086	-217.170089	-217.170089	-0.323648	-2.248295	-3.844289	-0.499776	-1.168967	-29.417171
GSM4753087	-244.471802	-244.471802	-0.617280	-4.816872	-6.282333	-0.637689	2.111511	-33.831236
GSM4753088	-155.272003	-155.272003	0.300585	1.625118	-0.010686	-1.854361	-0.664761	-20.503731
GSM4753089	-121.469496	-121.469496	0.640211	6.864609	5.432733	-0.405082	-3.060359	-21.632014
GSM4753090	-203.035514	-203.035514	-0.285455	-1.810044	-1.844407	1.175668	1.858170	-27.079485
GSM4753091	-163.201570	-163.201570	0.090804	3.161279	1.580977	-3.999318	-1.814964	-27.725896
GSM4753092	-119.976816	-119.976816	0.666398	6.320928	4.246079	-2.279044	-2.527789	-18.905933
GSM4753093	-209.574014	-209.574014	-0.123797	-3.031362	-4.334447	-0.429781	1.671594	-27.390903
GSM4753094	-147.378604	-147.378604	0.586015	5.103129	3.953899	-0.011195	-3.265257	-24.411712
GSM4753095	-253.660321	-253.660321	-0.729393	-9.771501	-9.466897	1.846386	-3.763250	-30.347232
GSM4753096	-172.441704	-172.441704	0.205827	1.061688	2.452212	0.941237	-2.725841	-28.178343
GSM4753097	-186.915694	-186.915694	0.013651	-4.367411	-3.839250	1.299982	-4.541891	-25.459173
GSM4753098	-207.760495	-207.760495	-0.157717	-6.818457	-5.743622	-2.273956	-2.265286	-25.393329
GSM4753099	-150.993680	-150.993680	0.466411	6.789089	6.021674	0.045581	-0.994591	-30.502170
GSM4753100	-208.204158	-208.204158	-0.162578	-3.787801	-3.707056	-2.327860	-3.896881	-25.859877
GSM4753101	-147.951616	-147.951616	0.421597	6.345285	4.267894	-0.094844	-0.105487	-26.191063
GSM4753102	-195.566951	-195.566951	-0.069693	-1.232931	-0.457775	0.256715	-1.810250	-29.157140
GSM4753103	-230.996194	-230.996194	-0.385504	-5.191388	-4.390659	-2.079509	-5.955763	-32.139243
GSM4753104	-175.386664	-175.386664	0.141329	1.683383	-0.107720	-1.881472	-1.233939	-25.656804
GSM4753105	-192.978712	-192.978712	-0.012782	-1.738408	-2.612365	-2.052308	0.417364	-22.966598
GSM4753106	-206.672215	-206.672215	-0.059022	-3.694744	-3.835500	-1.079081	-2.723860	-28.329504
GSM4753107	-214.668894	-214.668894	-0.297608	-3.030719	-4.955552	-0.786773	-0.568545	-24.272615
GSM4753108	-221.681486	-221.681486	-0.336569	-5.340166	-5.347900	-3.968106	-2.242482	-27.813931
GSM4753109	-209.085023	-209.085023	-0.011826	-2.148484	-2.910484	0.232222	1.079527	-29.653080
GSM4753110	-201.953840	-201.953840	-0.229706	-0.620353	-2.656178	0.272739	-3.671020	-26.489496
GSM4753111	-189.375665	-189.375665	0.024236	1.889944	0.788608	-5.343309	-2.409789	-28.580490
GSM4753112	-184.877932	-184.877932	-0.130314	-1.996191	-3.375473	0.548857	-0.802221	-25.305357
GSM4753113	-232.008712	-232.008712	-0.480839	-4.689572	-5.412348	-4.964940	-4.187446	-28.778408
GSM4753114	-201.683376	-201.683376	-0.047765	1.361120	0.095660	0.206180	-2.673956	-31.156821
GSM4753115	-233.350014	-233.350014	-0.665409	-5.486357	-7.211270	-0.043908	1.148681	-30.843357
GSM4753116	-237.550295	-237.550295	-0.570146	-4.638973	-4.379480	-0.172509	-4.774103	-33.519634
GSM4753117	-189.815435	-189.815435	0.087464	1.872721	1.159249	-1.035234	-0.640900	-29.184986
GSM4753118	-213.650370	-213.650370	-0.292569	-5.405059	-5.905786	-2.489585	1.069516	-25.271322
GSM4753119	-170.641931	-170.641931	0.354898	4.381360	3.320632	2.060733	-1.868301	-27.663353
GSM4753120	-168.845438	-168.845438	0.430944	5.391974	4.132670	0.155485	-3.067216	-31.856767
GSM4753121	-231.250766	-231.250766	-0.407160	-5.789293	-5.843720	-4.789915	-4.275628	-30.965206
GSM4753122	-231.284565	-231.284565	-0.554882	-6.639026	-6.896172	0.516705	-2.874414	-30.162788
GSM4753123	-236.112100	-236.112100	-0.583906	-7.509103	-6.557201	0.277337	-4.616707	-33.050557
GSM4753124	-212.480905	-212.480905	-0.218974	-5.789366	-5.727537	0.110713	-4.233716	-27.536852
GSM4753125	-214.450236	-214.450236	-0.274612	-1.892808	-1.230878	-0.733062	-4.593759	-31.309297
GSM4753126	-216.033149	-216.033149	-0.290699	-2.347083	-3.952372	-1.792599	-6.290552	-30.028692
GSM4753127	-212.962545	-212.962545	-0.297291	-5.577803	-5.841243	-2.421414	-4.303385	-26.471639
GSM4753128	-225.009153	-225.009153	-0.434073	-6.603442	-5.896592	0.458443	-2.937835	-31.511975
GSM4753129	-185.584172	-185.584172	0.150740	1.098416	0.554551	-4.683255	-1.967825	-21.811805
GSM4753130	-225.019613	-225.019613	-0.360535	-6.378364	-6.954776	0.386242	-2.772885	-28.293230
GSM4753131	-180.498004	-180.498004	-0.024329	-0.944785	-0.487161	-1.740807	-2.651276	-26.860213
GSM4753132	-206.676259	-206.676259	-0.106765	-3.646735	-1.950391	0.947296	-5.966397	-31.327175
GSM4753133	-226.154335	-226.154335	-0.392570	-6.381548	-5.827940	0.059640	-3.197448	-30.532052
GSM4753134	-237.301099	-237.301099	-0.521940	-9.446604	-8.256337	1.393661	-5.440118	-32.352385
GSM4753135	-199.687580	-199.687580	-0.195183	-4.031832	-3.581799	-3.744786	-3.222839	-26.423489
GSM4753136	-230.913347	-230.913347	-0.458175	-8.029669	-7.911315	-0.419739	-0.054244	-29.933220
GSM4753137	-186.150487	-186.150487	-0.010193	-0.854684	-1.855279	0.056156	-3.756582	-26.793866
GSM4753138	-234.893527	-234.893527	-0.506892	-6.556489	-7.060274	1.042918	-3.586636	-30.794302
GSM4753139	-246.785350	-246.785350	-0.633145	-7.823822	-7.730327	0.853649	-4.538736	-32.220551
GSM4753140	-214.433250	-214.433250	-0.445173	-4.226206	-3.936559	0.916731	-3.454718	-29.948130
GSM4753141	-222.553633	-222.553633	-0.423325	-6.077283	-5.648648	-2.667959	-3.251092	-28.274165
GSM4753142	-256.256234	-256.256234	-0.647106	-6.807719	-8.230041	-3.402673	-4.424749	-33.564552
GSM4753143	-192.720173	-192.720173	-0.112592	0.294222	0.617377	-2.786698	-4.231002	-32.523333
GSM4753144	-199.419049	-199.419049	-0.159189	-3.688672	-4.317570	-2.817970	-2.246566	-25.843162
GSM4753145	-240.333816	-240.333816	-0.387981	-1.252687	-2.942003	-5.236454	-4.740417	-33.254802
GSM4753146	-283.943280	-283.943280	-0.909589	-11.830546	-11.702368	0.381122	-4.967703	-35.630642
